1  260
2  329
3  38D
4  420
5  421
6  153
7  220
8  340
9  389
10  47F
11  130
12  140
13  251
14  2B0
15  164
16  356
17  366
18  367
19  368
20  381
21  387
22  394
23  453
24  470
25  490
26  495
27  500
28  391
29  4F1
30  484
31  386
32  479
33  436
34  541
35  485
36  492
37  4C9
38  48A
39  58B
40  48C
41  544
42  553
43  50C
44  52A
45  507
46  5B0
47  5CD
48  44E
49  520
50  49F
51  572
52  483
53  50A
54  559
55  410
56  412
57  50E
58  563
59  568
60  42D
61  53E
62  4CB
63  53B
64  5A6
65  4A9
66  53F
67  593
68  043
69  4A7
70  4A2
71  5BE
72  07F
73  57F
